-4.092595979910197
-0.41448774369509245
-3.94863902985925
-1.431562353717914
7.101296440147471
0.2895930431047402
-5.3663441819864035
-0.3007818083402922
5.561599837269303
-5.381655638451827
1.9967380504490224
4.1521993905773185
1.4097172732808145
-5.6181777957833
3.9022268042046067
-6.351448617687148
4.1140717605190344
-5.217142719469161
-1.0042390751481491
2.8097748542272987
0.9490157246007955
7.089672646593427
1.6451733109615274
-1.175662412023164
7.215212431015014
-0.046282710121698045
-0.14452715848397624
-1.8894551857711468
-5.795986537210796
1.4066247335634445
-1.936338990567947
-3.2292565791191263
