0.653777698303478
-0.27809217703454747
2.2802312597811927
4.200261954047978
0.39511155559158473
3.7468392159494384
0.62228765187495
0.8913611551750757
1.7109179571675006
-1.0984872007229327
1.9662629220065204
-1.8755986148354737
-2.087589475152343
3.9715979208698453
-0.1811562399712514
-0.21986204868459014
1.4721348658167308
-0.8244126808308043
-1.998691336016442
2.033310041006197
-0.5332885926400599
-0.7497569514042419
3.7449096541543323
1.755681437641757
-1.1897700060039986
-0.7148702592739606
-2.2186531654751938
2.246618042790197
2.9919261453070316
2.183969475662063
4.182637414914444
-0.14136923131360835
0.11313075223823033
-1.7323672140214255
0.4104720434297846
-1.2431945678980507
1.1324352204951311
2.9307361104176683
3.2518113673126408
2.8988712081700783
-0.9328927929416431
-1.9566156013821805
-0.6915365735356886
1.3344955465872412
-0.9043023558743566
1.5150883346017738
-2.0739676996739336
-0.4152219195756577
-1.7278223567300959
-1.788083951592208
0.07840114372484175
2.402331454706583
-1.128016337777713
1.516675888817606
0.9744337186324938
0.6463259575360034
-1.829354295235335
0.07828544628117573
-1.701745560101818
1.5458268419289447
3.484841341849431
0.6927676500035469
-1.13481380925271
-1.9742632942920255
1.1771788815553461
1.6565188497010208
0.3008679141654307
3.3230950561601604
4.133623742276804
2.1825581944006345
-0.9155510894206269
-0.0067134211855499615
-1.204149153463592
-0.6947168272249926
-1.099524070325959
-1.05015815727666
3.2039136298013426
1.296373761784487
0.8923802372308116
3.9739817467470084
-1.7111928977010966
0.32795144243984975
-1.5726583469153967
-1.1300311251027515
1.864207640675624
0.24284361917704578
-1.8575394860706096
3.720976619158905
3.9704836316335728
1.8767682866374882
1.24930488419828
1.4551838264866657
0.0516089255342469
1.0834337295555851
-0.6584904857504379
-2.0002619308125054
-2.183938090683317
0.05502914980447393
-0.06814316592404701
0.3465347217091792
-0.37768244832946674
3.75591520816449
1.7413308432675545
3.246173617663888
3.7841506584822673
-1.7571352650855836
-1.8622903999066456
1.7513415371965801
-2.227566817283947
4.155987106800106
-0.4444243545988278
-0.06662176005086051
1.740882127913527
0.7023013873335446
2.5766527463889055
0.7401095063672853
3.4742362899717456
1.4843992173243983
-1.191523392371083
0.7683734259656054
0.14586355154422792
-0.0038531702250512723
3.9115417927172356
-1.708370332993582
3.9927912804378067
-1.453814842244661
-2.150196216524866
2.665435711649467
