2.7698403002667558
0.39381326512564346
-1.6746179668610455
-1.472588261901098
-1.1757614105334946
-1.1856296897797431
0.21078495715023937
2.001348490531612
3.3184015079580176
2.952245885948328
0.919166439417548
-0.9250548909626336
-1.5840626346580708
-1.2657057448730846
-1.002798860099694
0.9116425728902949
2.260720235089958
2.984227240495847
4.0769291964533805
-0.07256880844029778
-0.9842917157775193
-2.8756764554655563
-2.282159585707126
-1.535813870197914
0.7122690908397664
-0.34170373917059016
3.0015987930383825
3.359641892065132
1.6375256141269463
0.17808216027139578
-2.6157804190951013
-2.8780897032909394
-2.6853157241414642
-1.1022495365594547
1.021617203694215
1.8684319063932149
3.7070695401161604
2.1210736243641155
0.21878292612838285
-0.24688543602160207
-3.3051403555479233
-3.8080165209169046
-1.9662251440989569
-1.7274818486798451
1.6863318310414184
3.4544979987333346
2.5745957287847734
1.849864609949253
-0.8699157498569887
-3.6308045041859858
-2.985606179464952
-2.27870807430034
-1.0048660057438927
0.9772302571601583
3.331069914870968
2.1919473029594707
1.6521727961495007
1.1999171215075022
-1.453819357589221
-3.070297299490465
-0.5251287741834574
-2.347652723757602
-0.17447626228514035
3.748340279825408
