3.976754213578992
2.818091749646568
2.8842246739838524
4.656384688333088
7.353174113025771
2.296532611537152
0.7746826681649321
0.5230266121814755
3.2200923649304074
7.6300195943424995
5.2927912634737275
-4.892914299120852
7.641727736483105
5.965365467972213
2.6069646166990745
4.993641407895169
4.629061408057674
4.545949185436371
7.984675218257131
7.780397409851458
5.132579433627539
10.034102885336583
2.155861456451052
14.084620463029015
5.848921551365545
12.49340538461646
4.990666542987945
8.37052309042115
5.081819156306721
7.241996651748517
7.7203237967134815
11.249497398890245
12.884691313480916
11.912324508089446
16.3548728692458
8.75443332702881
12.586755090583662
14.694846215578291
8.56552709144747
11.420036078599717
15.134360142215563
21.358432139456944
16.376949513983163
11.254297675014744
14.508833881419667
10.508682897032237
15.641041741923488
16.691678740449927
13.789410815907093
18.99169044999835
17.00768381779768
18.182349632044172
23.79345536991252
14.090327860057144
16.010280172498035
14.810587803825053
18.128151426874695
22.73721841097603
13.140915596650807
20.981210933169198
21.343629928848518
20.053090110053457
22.712027148318192
17.996350609940958
